[ui]
mapRect_x=3330
mapRect_y=2250
mapRect_w=1792
mapRect_h=1008
foreground_r=0
foreground_g=0
foreground_b=0
background_r=109
background_g=109
background_b=109
highlight_r=0
highlight_g=127
highlight_b=251
routeColor_r=97
routeColor_g=97
routeColor_b=97
waterColor_r=29
waterColor_g=109
waterColor_b=149
playerColor_r=255
playerColor_g=255
playerColor_b=255
aIColor_r=191
aIColor_g=191
aIColor_b=191
scroll=64
offsetX=-3197
offsetY=4731
scale=112.5
bigBoxFontSize=48
bigBoxBorder=4
loadBarFontSize=36
smallBoxFontSize=24
smallBoxBorder=3
fightFontSize=20
equipFontSize=18
townFontSize=14
tradeFontSize=12
goodButtonXDivisor=434
goodButtonYDivisor=527
[time]
dayLength=5000
businessRunTime=1500
[goods]
consumptionSpaceFactor=0.035999999999999997
inputSpaceFactor=0.053999999999999999
outputSpaceFactor=0.053999999999999999
townProfit=0.90000000000000002
minPriceDivisor=2047
[travelers]
exponent=0.23999999999999999
min=-13
statMax=15
attackDistSq=9000
escapeChance=0.5
[ai]
decisionTime=12000
criteriaMax=9
townRange=9
limitFactorMin=0.10000000000000001
limitFactorMax=0.90000000000000002
attackThreshold=13500
